tab[1] = 17.640000
tab[2] = 19.360000
tab[3] = 21.160000
tab[4] = 23.040000
tab[5] = 25.000000
tab[6] = 27.040000
tab[7] = 29.160000
tab[8] = 31.360000
tab[9] = 33.640000
tab[10] = 36.000000
