tab[1] = 16.810000
tab[2] = 17.640000
tab[3] = 18.490000
tab[4] = 19.360000
tab[5] = 20.250000
tab[6] = 21.160000
tab[7] = 22.090000
tab[8] = 23.040000
tab[9] = 24.010000
tab[10] = 25.000000
tab[11] = 26.010000
tab[12] = 27.040000
tab[13] = 28.090000
tab[14] = 29.160000
tab[15] = 30.250000
tab[16] = 31.360000
tab[17] = 32.490000
tab[18] = 33.640000
tab[19] = 34.810000
tab[20] = 36.000000
tab[21] = 37.210000
tab[22] = 38.440000
tab[23] = 39.690000
tab[24] = 40.960000
tab[25] = 42.250000
tab[26] = 43.560000
tab[27] = 44.890000
tab[28] = 46.240000
tab[29] = 47.610000
tab[30] = 49.000000
tab[31] = 50.410000
tab[32] = 51.840000
tab[33] = 53.290000
tab[34] = 54.760000
tab[35] = 56.250000
tab[36] = 57.760000
tab[37] = 59.290000
tab[38] = 60.840000
tab[39] = 62.410000
tab[40] = 64.000000
